68,52
68,51
68,50
68,49
68,48
68,47
68,46
68,45
68,44
68,43
68,42
68,41
68,40
68,39
68,38
68,37
68,36
50,5
50,4
54,1
54,3
68,35
53,4
53,1
53,3
51,1
51,3
42,1
42,3
14,5
50,6
50,1
50,3
10,151
10,103
10,87
10,261
10,115
10,99
10,201
10,231
66,3
11,29
11,11
66,2
66,1
66,0
65,4
65,3
11,23
65,2
65,1
65,0
63,5
63,4
63,3
11,25
63,2
63,1
63,0
60,7
60,6
60,5
60,4
60,3
60,2
60,1
60,0
57,6
57,5
57,4
57,3
8,10
8,5
8,15
8,13
8,8
57,2
57,1
37,3
37,1
36,3
36,1
35,3
35,1
34,4
34,3
34,1
32,3
32,1
31,8
31,3
31,1
30,30
30,3
30,1
29,3
29,1
26,3
26,1
25,3
25,1
24,3
24,1
20,3
20,2
20,1
19,3
18,1
19,2
19,1
12,3
18,3
12,2
12,1
14,1
11,27
14,4
11,21
11,19
